-1.91627 -0.772548 0 0
-2.48404 -0.443804 0 0
-0.902258 1.19891 0 0
-0.919544 0.604619 0 0
-0.129418 -1.45721 0 0
0.494624 -1.18247 0 0
3.57214 1.12134 0 0
1.03725 -1.63982 0 0
-0.145862 1.38396 0 0
-1.19255 -0.288068 0 0
-0.583164 -0.137259 0 0
-0.878825 -1.64024 0 0
-2.16176 1.06755 0 0
-3.43321 -0.175926 0 0
0.187836 0.221842 0 0
3.06484 -0.491917 0 0
2.41925 -0.318412 0 0
-1.41195 1.40368 0 0
-1.26386 -0.939384 0 0
1.68532 -0.466903 0 0
1.62014 -1.60128 0 0
-2.43443 0.277136 0 0
-2.77278 1.58373 0 0
-3.36717 1.49693 0 0
2.74477 -1.08888 0 0
-3.07957 0.301281 0 0
-2.04749 -1.77182 0 0
3.70824 -1.73142 0 0
0.966992 1.25147 0 0
2.26359 -1.72268 0 0
-0.313468 0.531121 0 0
-1.6111 -1.50954 0 0
1.54118 0.608526 0 0
-3.56104 0.877407 0 0
1.76426 1.33924 0 0
-3.09072 -1.5044 0 0
3.05157 0.855309 0 0
0.318829 0.979111 0 0
0.73398 -0.4548 0 0
3.00969 -1.74738 0 0
3.60864 -0.444618 0 0
-3.13073 -0.744499 0 0
-1.79796 -0.0146509 0 0
1.97584 -1.05282 0 0
-1.66436 0.600343 0 0
-2.94354 0.972162 0 0
0.0186266 -0.484864 0 0
-2.40208 -1.26479 0 0
1.2742 -0.0511802 0 0
2.00237 0.135072 0 0
3.46286 -1.09646 0 0
0.848969 0.348245 0 0
2.80408 0.190782 0 0
1.31012 -0.942853 0 0
0.549409 1.70859 0 0
2.60605 1.28998 0 0
-0.561816 -0.838728 0 0
2.23872 0.756894 0 0
3.51711 0.318906 0 0
-3.61726 -1.11205 0 0
