-2.2019356478581464 0.43248725570529256 -0.01717169270392653 -0.00014455427361075024
10.035677197161403 -2.5373583995655404 -0.09330122489035082 0.05928305845072587
-7.472414714261215 5.446057062700382 -0.012952345821682004 0.060449895842732915
-8.74304381317208 -1.0982967574003304 0.004758891939411897 -0.08428274014825364
-3.9517971253041377 -3.654905857490595 0.07045396766508097 0.08925702646603162
-2.24325044438279 5.30733715793212 0.011283061972068936 0.09907242475429653
-7.529156078224201 -4.938945285868691 -0.018598193856943196 0.0897238073672395
6.488212782620677 -3.7552097004186953 -0.012775055176107927 0.02661221412259951
2.753870561005188 4.4243974730581295 -0.03996154200415254 0.03972640263174959
-8.416458634138776 -3.0901385952624003 -0.02749688378048347 0.02206527937840308
8.383351405304493 -0.17615274471694775 0.058710219066225866 0.09683619197226132
-4.442269664769481 -2.8493844985545826 0.04965584746955978 0.06951875584439751
2.9206189162785012 -5.656204171536124 -0.0312745403061518 -0.0725376003407275
7.466827407868491 4.609319867380573 0.07899505980780086 -0.05773802831615826
-2.973636197565842 1.7864564188462193 0.03919489678980831 0.03465087196829733
8.67906227377276 -2.9841717170597457 0.055304475480584564 -0.004836810018826604
-8.886646156564868 5.327283754546516 0.054823338420548734 0.01688404630414142
0.8599479418466647 3.1915448950014236 -0.0744114241013568 0.015271122917256477
11.170777742685724 5.562342872086929 -0.08552145681082937 0.07092259399360087
-9.667177498598475 3.233966373395794 0.01896550747041499 0.04950837673172359
-9.225688971397393 -1.5457885194100554 0.02994754031125152 0.02467358173422382
-4.185892475692476 2.1383183097673033 0.054206364079605496 -0.09338246857281203
8.494586580531786 1.9449760521710875 0.055235351690357426 0.004378189372259617
0.7726147163561681 1.3982174487240622 -0.09231317159767315 0.07639395279110692
-4.101664457923767 -4.6466537569618875 0.004158335570886587 -0.009286053622398274
-6.079357774499663 3.210160759973797 -0.04594309970961772 -0.07756617917281194
-11.343784308968926 5.479898715350678 -0.07006744784535915 -0.025855700488655625
0.9854921110238131 4.149861128619675 0.028028647607251267 -0.0017724039637023459
2.236828291795179 1.5425255197927275 0.09756536117570944 -0.0030226264033728495
-9.331403855005934 -3.1255284849481133 0.050712021831576 -0.008016187627227597
11.58058800602827 2.087563981235901 -0.06758988706641622 0.08495587461994306
-9.61291131841626 4.670070394958624 0.09406243393832006 -0.0729991394724356
8.824210065533704 4.698026600343458 -0.07967817166535017 -0.09862396138989778
-11.554074593602111 -1.0458575300091573 -0.010806345096084649 0.023343368873893072
6.2953212107517675 -2.128762675680994 0.03053232881331583 -0.04334243784366441
-11.189000838307145 -4.975190736188496 -0.05044599428865695 -0.016196293464626213
7.996478601348818 -5.386592930031815 0.047474356772310405 -0.09818412514563274
1.8333491484288853 -2.6949836931724787 0.088464167671331 0.017629891956948668
-7.948870887166323 -4.081949410738838 -0.016723670907727528 0.035661798853074606
3.1544632021266903 2.494981091858407 -0.03430151452151324 0.08578986956386506
-10.446701253143113 -0.21482182362893631 -0.05053703230270477 0.027787441908614208
1.192536036928992 -5.259489299507127 -0.026909567287159528 -0.07867133164687903
2.3561176211989157 -1.9580968497856248 0.08052777057245217 0.026511673588161838
-7.297779956870297 0.04909048827048501 -0.06196583921855828 0.023613401975439263
-8.858553701968754 -2.446935293225418 0.02019845765915404 0.022151374062316848
-8.97715160083016 1.8176661812916137 0.06093547953246689 0.043036832777461925
-1.9605944969051965 -2.2213331924683075 0.010451322172052718 -0.017173752179731577
0.3659948819186649 2.1100307320380596 -0.08913652111225873 0.07867611376569886
